Test 1 
 [[1 1 0 0]
 [1 1 0 1]
 [1 0 1 0]
 [0 1 0 1]
 [0 1 1 0]
 [1 1 1 1]
 [0 1 1 1]
 [1 1 1 1]
 [1 1 1 0]] 
 Min Flips: 5.0 
 
 Test 2 
 [[0 1 0 0]
 [1 1 1 1]
 [0 0 0 0]
 [0 1 0 0]
 [1 1 1 1]
 [0 0 0 1]
 [1 1 1 0]
 [1 0 0 0]
 [1 0 1 1]
 [1 0 1 1]
 [1 0 1 0]
 [1 0 0 1]
 [1 1 0 0]
 [0 0 1 0]
 [1 1 1 1]
 [1 0 1 0]
 [0 1 0 1]
 [0 0 0 0]
 [1 0 0 0]] 
 Min Flips: 9.0 
 
 Test 3 
 [[1 0 1 0 1 1 1 1 0 1]
 [0 1 0 1 1 0 0 0 0 1]
 [1 1 0 0 1 1 1 0 1 1]
 [1 1 1 0 1 1 1 1 1 1]
 [0 1 1 0 0 0 0 0 1 0]
 [0 1 1 0 0 0 0 0 1 0]
 [0 1 1 0 1 1 0 1 1 0]
 [0 1 1 0 0 0 0 0 0 1]
 [1 0 1 1 0 0 1 0 1 0]
 [0 0 0 1 1 0 1 1 0 1]
 [0 0 0 0 0 1 0 1 0 0]
 [0 1 1 1 0 1 0 0 1 0]
 [1 1 0 1 1 1 1 1 1 1]] 
 Min Flips: 21.0 
 
 Test 4 
 [[0 0 0 1 0 1 1]
 [0 1 0 0 1 0 0]
 [1 1 1 1 1 1 1]
 [1 0 1 0 1 0 0]
 [1 0 1 0 1 0 0]] 
 Min Flips: 4.0 
 
 Test 5 
 [[1 0 0 0 1 1]
 [0 0 1 1 0 1]
 [0 0 0 1 1 1]
 [1 0 1 0 1 1]
 [0 0 0 0 0 0]
 [0 1 1 1 1 1]
 [0 1 0 1 1 1]
 [1 1 1 0 1 0]
 [0 1 0 1 0 0]
 [0 1 1 1 0 1]
 [1 1 0 1 0 0]
 [1 1 1 0 0 1]
 [1 0 0 0 0 1]
 [1 1 0 0 0 1]
 [1 1 1 1 0 1]
 [1 0 1 0 1 1]
 [1 0 0 1 0 1]
 [0 1 0 0 1 1]
 [1 0 0 0 1 0]
 [0 1 1 1 0 1]] 
 Min Flips: 20.0 
 
 Test 6 
 [[1 0 0 1 1 1 1 1 1 1]
 [1 0 0 0 0 0 1 1 1 1]
 [1 0 1 0 1 1 0 0 0 0]
 [0 1 1 0 0 1 0 1 1 0]
 [0 1 1 0 0 1 1 0 0 1]
 [0 1 1 1 0 0 0 1 1 1]
 [1 0 1 0 1 1 0 0 0 0]
 [1 1 0 1 1 1 1 1 1 1]
 [0 0 1 1 1 0 0 1 1 1]] 
 Min Flips: 16.0 
 
 Test 7 
 [[0 0 0 1 0 0 0 1 0]
 [1 0 1 0 1 1 0 1 1]
 [1 1 1 0 1 1 1 1 0]
 [1 0 0 0 1 1 1 0 1]
 [1 0 1 1 0 1 1 0 0]
 [1 0 1 0 0 0 0 0 1]
 [0 0 0 0 1 1 0 1 1]
 [1 0 0 0 1 1 0 1 1]
 [0 0 1 1 1 1 0 0 1]
 [1 1 1 0 0 1 0 0 1]
 [0 0 0 0 0 1 0 0 1]
 [0 1 0 1 0 1 1 1 1]] 
 Min Flips: 16.0 
 
 Test 8 
 [[0 1 1 0 1 1 0 0 0]
 [1 1 1 1 0 0 0 1 0]
 [0 1 0 1 0 1 0 0 1]
 [1 1 1 1 0 0 0 1 0]
 [0 0 0 0 1 1 0 1 0]
 [0 0 0 1 0 0 1 0 1]
 [1 1 1 1 0 0 0 1 1]
 [1 1 0 0 1 1 0 1 0]
 [1 0 0 1 0 0 1 1 0]
 [1 1 0 1 1 1 0 1 1]
 [0 0 1 0 1 1 1 0 0]
 [1 0 0 1 1 0 1 0 0]
 [1 0 0 0 0 1 0 1 1]
 [1 1 0 1 1 1 0 1 1]
 [1 0 0 0 0 1 0 1 1]
 [0 0 1 1 1 1 1 0 1]
 [0 0 0 0 1 1 1 0 1]
 [0 0 0 1 1 1 0 0 1]
 [1 0 1 1 0 0 1 1 1]
 [1 1 1 0 1 1 0 1 1]] 
 Min Flips: 35.0 
 
 Test 9 
 [[1 0 0 1 1 1 0 1 0 1 1 1 1]
 [1 0 1 1 1 1 1 1 0 0 1 1 1]
 [1 1 1 0 0 0 1 1 1 1 0 1 0]
 [1 0 0 0 1 0 0 0 0 0 0 0 0]
 [0 0 0 0 0 0 0 1 0 1 0 1 0]
 [1 0 0 0 1 1 1 0 0 0 0 1 1]
 [0 0 1 1 0 0 1 0 0 0 0 1 0]] 
 Min Flips: 10.0 
 
 Test 10 
 [[0 1 1 0 0 0 0 0 0 0 0 0 1 0 1 1 0 0 1 0]
 [0 0 0 0 0 1 0 1 1 0 1 0 0 1 0 0 0 1 1 1]
 [1 1 1 0 0 0 0 0 0 0 0 1 0 1 1 1 1 0 0 1]
 [0 1 0 0 1 0 0 0 0 1 0 0 1 1 0 1 0 0 0 1]] 
 Min Flips: 4.0 
 
 Test 11 
 [[0 0 0 0 1 1 1 1 1 1]
 [0 0 0 1 0 1 1 0 0 0]
 [1 1 1 1 1 1 1 1 0 1]] 
 Min Flips: 1.0 
 
 Test 12 
 [[0 1 0 1 0 1 1 0 0 1 0 0 0 1 1 0 0 1 1 1]
 [1 0 1 1 1 1 0 1 0 1 1 1 1 0 0 0 0 0 0 0]
 [1 0 0 1 1 0 0 1 0 0 0 1 1 1 0 0 1 1 1 0]
 [1 0 1 0 1 0 0 0 1 0 0 0 1 0 1 0 0 0 0 1]
 [0 1 1 1 0 1 1 1 1 0 0 0 0 1 1 0 1 0 0 0]
 [1 1 1 1 1 0 0 0 0 1 1 1 0 0 0 1 1 0 1 0]
 [0 0 0 0 1 0 0 1 1 1 1 1 0 1 0 0 1 1 1 1]
 [1 0 1 1 0 0 0 1 0 1 0 0 1 0 1 0 1 0 1 0]
 [0 1 0 1 1 1 1 0 1 0 1 1 1 1 1 0 0 1 0 0]
 [0 0 0 1 1 1 0 1 0 0 1 0 1 1 1 0 1 0 1 1]
 [1 1 0 1 1 1 0 0 0 1 1 0 1 0 1 0 1 0 1 1]] 
 Min Flips: 44.0 
 
 Test 13 
 [[0 0 0]
 [0 0 0]
 [0 1 0]
 [0 1 0]
 [1 1 0]
 [1 1 1]
 [1 0 1]
 [1 0 0]
 [1 0 1]
 [0 1 0]
 [0 0 0]
 [0 0 1]
 [1 1 0]] 
 Min Flips: 4.0 
 
 Test 14 
 [[1 0 1 0 0 0 1 1 1 1 0 0 1 1 1 0 1]
 [0 1 1 1 0 0 0 1 1 1 0 0 0 0 0 0 0]
 [0 1 1 1 1 1 0 0 0 0 1 0 0 1 1 1 0]
 [1 0 0 1 1 0 0 0 1 0 0 0 0 1 0 1 0]
 [1 1 0 0 1 1 1 1 1 0 0 1 0 0 1 0 0]
 [0 1 1 0 1 0 0 0 1 1 0 0 0 1 1 1 1]
 [1 0 1 0 0 1 1 1 0 0 0 0 0 1 0 0 1]
 [0 1 1 1 1 1 0 0 0 1 1 0 1 0 1 0 0]
 [1 0 0 0 1 0 0 1 0 1 1 1 1 0 1 1 1]
 [0 1 1 0 1 0 0 0 0 0 1 0 0 0 1 1 0]] 
 Min Flips: 32.0 
 
 Test 15 
 [[0 1 0 1 1 0 1 1]
 [0 1 0 0 1 0 1 1]
 [1 1 1 1 1 0 1 1]
 [1 1 1 1 0 0 1 1]
 [0 1 0 0 0 0 0 1]
 [1 0 1 0 1 1 0 1]
 [0 0 1 1 1 1 0 1]
 [0 0 0 0 0 0 1 0]
 [0 1 1 0 1 1 1 0]
 [1 0 0 0 0 0 0 1]] 
 Min Flips: 10.0 
 
 Test 16 
 [[1 0 1 0]] 
 Min Flips: 0.0 
 
 Test 17 
 [[1 0 1 1]
 [0 1 1 0]
 [0 0 1 0]
 [1 0 0 1]
 [1 1 0 0]
 [0 1 0 1]
 [0 0 1 1]
 [1 1 1 1]
 [0 1 0 0]] 
 Min Flips: 5.0 
 
 Test 18 
 [[1 0 1 1 0 1 1 1 1 1 1 1]
 [1 0 1 1 1 0 1 1 0 0 0 0]
 [0 1 0 1 1 1 1 1 0 0 0 1]
 [1 1 0 0 0 0 0 0 1 0 0 1]
 [1 1 1 1 0 1 1 0 0 1 0 1]] 
 Min Flips: 8.0 
 
 Test 19 
 [[0 1 1 1 0 1 1 0 0 0]
 [0 1 0 0 0 1 0 1 0 0]
 [1 1 1 0 1 0 1 1 0 1]
 [0 1 1 0 0 1 0 0 1 1]
 [1 1 0 0 1 0 0 0 0 1]
 [1 0 0 0 0 1 1 1 1 0]
 [1 1 0 1 0 1 1 1 0 1]
 [0 0 0 0 1 1 1 0 0 1]
 [0 0 0 1 0 0 0 1 0 1]
 [0 0 1 0 0 0 1 0 0 1]
 [0 1 0 0 0 0 0 1 0 0]
 [0 1 1 0 0 1 1 1 0 0]
 [0 1 0 0 1 1 0 0 0 0]
 [0 1 1 0 1 0 0 1 0 1]
 [0 0 1 0 1 1 1 1 0 1]
 [0 1 0 0 1 1 0 0 0 0]
 [1 0 0 0 1 0 1 1 0 1]
 [0 1 1 1 0 0 0 0 1 1]
 [0 0 0 1 1 1 0 0 0 1]] 
 Min Flips: 35.0 
 
 Test 20 
 [[1 1 1 1 0 0 0 1 1]
 [0 1 0 0 1 1 0 1 1]
 [1 0 0 0 0 1 1 0 0]
 [1 0 1 0 0 0 1 0 0]
 [1 0 0 0 1 1 1 0 0]
 [0 0 1 1 1 1 0 0 0]
 [1 1 0 1 1 0 0 1 1]
 [1 1 1 1 0 1 1 1 0]
 [0 1 1 1 0 0 0 0 1]
 [0 1 1 1 0 1 0 1 1]
 [0 0 1 0 1 1 1 0 0]
 [1 1 1 1 1 0 1 1 1]
 [0 0 0 1 1 0 0 1 1]
 [1 1 1 1 0 0 0 0 1]
 [0 0 1 1 1 0 0 1 0]
 [1 0 0 1 0 1 0 0 0]
 [0 0 1 0 0 1 0 0 1]
 [1 1 0 1 0 1 1 1 1]
 [1 0 1 1 0 0 0 0 0]
 [1 0 1 0 1 1 1 1 0]] 
 Min Flips: 35.0 
 
 