Test 1 
 [[1 1 1]
 [0 0 0]
 [0 0 1]
 [0 0 1]
 [1 1 1]
 [0 0 0]
 [1 1 0]
 [1 1 0]
 [0 0 0]
 [1 0 1]
 [1 1 1]
 [0 0 0]] 
 Min Flips: 2.0 
 
 Test 2 
 [[0 1 0 1 0 0 1]] 
 Min Flips: 0.0 
 
 Test 3 
 [[1 1 1]
 [0 0 1]
 [0 1 1]
 [0 0 0]
 [1 0 0]
 [1 1 1]
 [1 1 0]
 [1 1 0]
 [0 0 0]] 
 Min Flips: 2.0 
 
 Test 4 
 [[0 1 1 1 0 1 1 1 0]
 [1 0 0 0 0 1 1 0 1]
 [1 1 0 0 1 0 1 0 0]] 
 Min Flips: 2.0 
 
 Test 5 
 [[0 1]
 [1 1]
 [0 0]
 [0 1]] 
 Min Flips: 0.0 
 
 Test 6 
 [[0]
 [0]
 [0]
 [0]
 [0]] 
 Min Flips: 0.0 
 
 Test 7 
 [[1 1 0]
 [1 1 1]
 [0 1 0]
 [0 0 1]
 [1 0 1]
 [0 1 1]
 [0 1 1]
 [1 1 0]
 [0 0 0]] 
 Min Flips: 4.0 
 
 Test 8 
 [[1 1 0 1 0 0 0 1 1 1 0]] 
 Min Flips: 0.0 
 
 Test 9 
 [[1 1]
 [1 0]
 [0 0]
 [1 1]
 [1 0]
 [1 0]
 [1 0]] 
 Min Flips: 0.0 
 
 Test 10 
 [[0 0 1 0]
 [0 1 1 1]] 
 Min Flips: 0.0 
 
 Test 11 
 [[1 1 1 0 1 1 0]
 [0 1 0 0 1 0 1]
 [0 1 0 1 1 1 1]
 [1 0 0 0 0 0 0]
 [0 1 0 0 1 1 1]
 [0 1 1 0 0 0 0]] 
 Min Flips: 3.0 
 
 Test 12 
 [[0 0 1 0 0 0 1]
 [1 0 1 0 0 0 1]
 [0 0 1 1 0 1 1]
 [0 1 0 0 0 1 1]
 [0 0 1 0 1 0 1]
 [0 1 0 1 1 1 1]] 
 Min Flips: 3.0 
 
 Test 13 
 [[0 0 1 1 1 0 1 0 0 1 0 1]
 [1 0 1 0 0 0 1 0 0 0 0 0]
 [1 1 0 1 0 1 1 0 1 0 1 1]
 [1 0 1 1 1 0 1 1 1 0 0 0]] 
 Min Flips: 4.0 
 
 Test 14 
 [[0 1 0 0 1 1 0 1 0]
 [1 0 0 0 0 0 1 1 1]
 [1 1 1 1 1 1 1 1 0]] 
 Min Flips: 2.0 
 
 Test 15 
 [[1 1 1 0 1 1 1 1 1 0]
 [1 0 0 0 0 0 1 1 1 1]
 [0 1 0 1 0 0 1 0 0 1]
 [1 1 1 0 0 1 0 0 1 0]
 [1 0 0 1 1 0 1 1 0 1]
 [1 1 0 1 1 0 0 1 0 0]] 
 Min Flips: 9.0 
 
 Test 16 
 [[0 1 1 0]
 [1 0 0 0]
 [0 0 1 1]
 [0 0 1 1]
 [1 0 0 1]
 [1 0 0 0]
 [1 0 0 0]
 [0 1 0 1]
 [1 1 0 1]] 
 Min Flips: 4.0 
 
 Test 17 
 [[0 0 1 0 1 0]
 [0 1 0 0 0 0]
 [0 1 0 0 0 0]] 
 Min Flips: 0.0 
 
 Test 18 
 [[1 0 0 0 0]
 [0 1 0 1 1]
 [1 0 0 1 0]
 [0 1 1 0 1]
 [1 1 0 0 0]
 [1 0 0 1 1]
 [1 0 1 1 1]
 [0 0 1 0 0]] 
 Min Flips: 5.0 
 
 Test 19 
 [[0 1 0 0 1 1 0 0 1]
 [1 1 1 0 1 1 0 1 0]
 [0 1 1 1 0 0 1 1 0]
 [0 1 0 1 0 0 0 0 0]] 
 Min Flips: 2.0 
 
 Test 20 
 [[0 0 1 0]] 
 Min Flips: 0.0 
 
 Test 21 
 [[1 0 0 1 1 1 0 1 0 1 0 0]
 [0 1 1 0 0 0 1 0 1 1 0 0]
 [0 0 1 1 0 1 1 1 1 0 0 0]
 [0 0 0 0 1 0 0 0 1 1 0 0]
 [0 1 1 1 1 0 1 0 0 1 1 0]] 
 Min Flips: 8.0 
 
 Test 22 
 [[0 0 0 1 1 0 1 1 1]
 [0 0 0 0 0 1 1 1 0]
 [1 1 0 1 0 0 0 0 1]
 [1 0 0 1 0 0 0 1 1]
 [1 1 1 1 1 0 1 1 0]
 [0 1 0 0 0 0 1 1 0]
 [0 1 1 0 0 0 0 0 1]
 [1 1 1 0 0 1 0 0 0]
 [1 0 1 0 0 1 1 1 1]] 
 Min Flips: 14.0 
 
 Test 23 
 [[1 1 1 1 0]
 [0 1 0 0 1]
 [1 1 0 1 0]
 [1 1 0 1 1]
 [1 1 1 0 0]
 [0 0 0 0 0]
 [0 0 0 1 1]
 [0 0 0 0 1]
 [1 0 1 0 1]] 
 Min Flips: 6.0 
 
 Test 24 
 [[0 1 1 1 1 0 0 0 0 0 1]
 [1 0 0 0 0 0 1 0 0 0 1]
 [0 1 1 1 0 1 1 0 0 0 1]
 [0 1 1 0 0 0 0 1 0 1 0]] 
 Min Flips: 2.0 
 
 Test 25 
 [[1 1 0 0]
 [1 0 1 1]
 [1 1 0 0]
 [1 0 1 0]
 [1 0 0 0]
 [1 0 1 0]
 [1 0 0 1]
 [1 1 1 0]] 
 Min Flips: 2.0 
 
 Test 26 
 [[1 1 1 1 1 0 0]
 [1 1 1 0 0 0 1]
 [1 0 1 1 1 0 1]] 
 Min Flips: 2.0 
 
 Test 27 
 [[1 1 0 0 1 0 1 0 1]
 [1 1 0 0 0 0 0 0 1]
 [1 1 1 1 0 1 0 1 1]
 [0 1 0 0 1 0 0 1 1]
 [1 1 0 0 0 1 1 0 0]
 [1 0 1 0 0 0 0 1 1]
 [0 1 0 1 1 1 0 0 0]
 [1 0 0 1 1 0 1 1 1]
 [0 0 1 0 0 1 1 1 1]] 
 Min Flips: 13.0 
 
 Test 28 
 [[1 0 1 0 1 1 0 1 0]
 [1 1 1 1 1 1 0 0 1]
 [1 1 1 1 0 0 0 1 1]
 [1 1 0 0 0 1 0 1 0]] 
 Min Flips: 4.0 
 
 Test 29 
 [[1 0 0 1 0 0 1 0 1 0 1]
 [0 0 0 1 0 0 1 0 1 0 0]
 [1 0 1 0 1 1 0 1 1 0 0]
 [0 0 1 1 0 1 0 0 1 1 0]
 [1 0 0 1 1 0 1 1 0 1 1]
 [1 1 0 1 1 1 1 0 0 0 1]
 [1 0 0 0 0 0 1 0 0 0 1]
 [0 1 0 0 1 0 1 1 1 1 0]] 
 Min Flips: 14.0 
 
 Test 30 
 [[1 0 0 1 1 0 0 0]
 [1 1 1 1 0 1 1 0]
 [1 0 1 0 0 0 0 1]
 [1 0 0 0 0 1 0 1]] 
 Min Flips: 2.0 
 
 Test 31 
 [[1 1 0 0 0 0 1 1]
 [1 0 0 1 1 0 1 0]
 [1 1 1 0 1 0 1 1]] 
 Min Flips: 1.0 
 
 Test 32 
 [[1 1 0 1 1 1 1 0 1 0]
 [1 0 0 0 0 1 0 0 1 0]
 [0 1 0 0 1 0 0 1 1 0]
 [0 1 0 1 1 0 1 0 0 1]] 
 Min Flips: 3.0 
 
 Test 33 
 [[1 0 1 0]
 [0 1 0 0]] 
 Min Flips: 0.0 
 
 Test 34 
 [[0 1 1 1 1 1 0 0]
 [0 0 1 0 1 0 1 1]] 
 Min Flips: 0.0 
 
 Test 35 
 [[0 0]] 
 Min Flips: 0.0 
 
 Test 36 
 [[1 1 1 0 1 0 1 0]
 [0 1 1 1 0 0 0 0]
 [0 0 0 1 1 1 0 1]
 [1 1 0 0 0 0 0 1]
 [1 1 0 1 0 1 0 0]
 [0 0 0 1 1 0 0 1]
 [0 0 0 0 0 0 0 0]
 [0 1 1 1 1 1 1 1]
 [0 1 1 0 0 1 1 1]] 
 Min Flips: 11.0 
 
 Test 37 
 [[0 1 1 1 0 0]
 [0 1 0 1 1 0]
 [1 0 0 0 1 1]
 [0 0 1 0 0 1]
 [1 0 1 1 0 1]
 [1 0 0 1 1 1]
 [1 1 1 1 1 1]
 [0 0 1 1 1 0]
 [0 0 0 1 0 1]
 [0 0 0 0 0 1]] 
 Min Flips: 10.0 
 
 Test 38 
 [[0 1 0 1]
 [1 0 0 1]
 [0 0 0 0]
 [0 0 0 1]
 [1 1 0 1]
 [0 1 0 1]
 [0 0 1 1]
 [1 1 1 1]
 [0 1 1 1]
 [0 0 0 1]] 
 Min Flips: 3.0 
 
 Test 39 
 [[1 1 1 0]
 [0 1 0 1]
 [0 1 0 0]
 [0 1 0 1]
 [1 0 1 1]
 [0 0 0 0]] 
 Min Flips: 2.0 
 
 Test 40 
 [[0 0 1 0 0 1]
 [0 0 1 1 0 1]
 [1 1 1 1 0 0]
 [1 1 1 0 0 0]] 
 Min Flips: 1.0 
 
 Test 41 
 [[0 0 0 0 0 1 0 0 0]
 [0 1 1 1 0 1 0 0 1]
 [0 1 1 0 0 1 0 1 0]] 
 Min Flips: 0.0 
 
 Test 42 
 [[0 1 0 0 1 1 0 0 0]
 [1 0 0 0 0 0 0 1 0]
 [1 0 1 1 0 1 1 0 0]
 [1 1 0 1 1 1 0 1 1]
 [0 1 0 0 1 0 0 0 1]] 
 Min Flips: 5.0 
 
 Test 43 
 [[1 0 0 0 1 0 1 1]
 [1 0 0 0 0 0 1 0]
 [1 1 1 0 1 0 0 0]
 [1 1 1 1 1 0 1 1]
 [1 0 0 0 1 1 0 1]
 [0 1 1 1 0 1 1 1]
 [0 0 1 1 0 1 0 1]
 [0 0 1 0 0 1 1 0]
 [0 1 0 1 0 0 0 1]
 [0 1 1 1 1 1 0 1]
 [0 1 1 1 1 1 1 0]
 [1 1 0 0 0 1 0 1]] 
 Min Flips: 18.0 
 
 Test 44 
 [[1 1]
 [1 1]
 [1 1]
 [0 0]
 [1 0]
 [1 1]
 [0 0]
 [0 1]
 [0 1]
 [0 1]
 [0 1]
 [1 0]] 
 Min Flips: 2.0 
 
 Test 45 
 [[0 0]
 [1 0]
 [1 0]
 [0 1]
 [0 0]] 
 Min Flips: 0.0 
 
 Test 46 
 [[0 1 1 0 1 0 0 0 1 0 0]
 [1 1 0 1 1 1 1 0 1 1 0]
 [0 0 0 0 0 1 0 1 1 0 1]
 [0 1 1 0 0 1 0 1 0 0 0]
 [0 1 0 1 0 0 1 1 1 1 1]
 [0 0 1 1 0 1 1 1 1 0 0]
 [1 0 1 1 0 0 0 0 0 1 1]
 [0 0 0 0 1 1 0 1 1 0 1]
 [0 1 0 0 0 1 0 1 1 1 0]
 [1 0 0 1 0 0 1 1 1 1 0]
 [0 0 0 0 1 1 1 0 1 1 1]
 [0 1 0 0 0 0 0 1 0 1 1]] 
 Min Flips: 23.0 
 
 Test 47 
 [[0 1 0 1 1 1 1 1 1 0 0 0]
 [1 0 0 1 1 1 0 0 1 1 1 1]
 [1 0 0 0 1 0 1 1 1 0 0 1]
 [0 1 1 1 0 0 1 0 1 0 0 0]
 [1 0 1 1 1 1 0 0 1 0 0 0]
 [0 0 1 0 1 0 0 0 0 0 1 1]
 [0 1 0 1 0 1 1 0 0 0 0 0]
 [1 1 0 1 0 1 1 1 1 0 1 0]
 [1 1 0 1 1 1 0 1 0 1 1 1]] 
 Min Flips: 17.0 
 
 Test 48 
 [[0 0 0]
 [0 0 1]
 [0 0 1]
 [1 0 1]
 [0 1 1]
 [1 0 0]
 [1 1 1]
 [1 1 0]] 
 Min Flips: 3.0 
 
 Test 49 
 [[1 1]
 [0 0]
 [1 1]
 [1 1]
 [0 1]
 [1 0]
 [1 1]
 [0 0]
 [0 1]
 [1 0]
 [1 1]] 
 Min Flips: 2.0 
 
 Test 50 
 [[0 1 0 1 0 0 1 0 1 0 0 1]
 [0 0 0 1 0 1 0 1 1 0 0 0]
 [0 0 0 1 1 0 0 0 1 1 1 1]
 [1 0 0 0 1 0 0 1 1 0 1 1]
 [0 1 1 0 0 0 0 1 1 1 0 0]
 [1 0 0 0 1 1 0 0 0 1 0 0]
 [0 0 1 1 1 0 0 0 1 1 1 1]
 [1 0 0 1 1 0 1 1 0 1 1 1]
 [1 0 0 1 0 1 1 0 0 0 0 0]
 [0 0 1 1 1 1 1 0 0 1 0 1]
 [1 0 1 0 0 0 0 0 0 1 1 0]] 
 Min Flips: 23.0 
 
 Test 51 
 [[0 0 1 1 0 1 0 0]
 [0 1 0 1 1 0 1 0]
 [1 1 0 1 0 1 1 0]
 [0 0 0 0 0 1 1 1]
 [1 1 0 0 0 0 1 0]
 [0 0 1 1 0 1 0 1]
 [1 0 0 1 0 1 0 0]] 
 Min Flips: 6.0 
 
 Test 52 
 [[0 0]
 [1 1]
 [0 0]
 [1 1]
 [0 0]] 
 Min Flips: 0.0 
 
 Test 53 
 [[1 1 0 1 0 1 0]
 [1 0 0 1 0 1 0]
 [0 1 0 0 1 1 1]
 [1 0 1 1 1 1 0]
 [0 1 0 1 0 0 0]] 
 Min Flips: 4.0 
 
 Test 54 
 [[1 1 0 1 0]
 [1 1 0 1 1]
 [1 1 1 0 0]
 [1 0 0 1 0]
 [1 0 1 0 0]
 [1 1 1 0 0]
 [0 0 1 1 0]
 [0 0 1 1 1]
 [1 1 0 0 0]] 
 Min Flips: 7.0 
 
 Test 55 
 [[0 1 0 0 1 0 1 1 0]
 [1 0 1 0 0 0 1 0 0]
 [1 0 1 0 0 1 0 0 1]
 [1 0 1 1 0 0 0 0 1]
 [0 1 0 1 0 1 1 0 0]
 [0 0 1 1 1 0 0 1 1]
 [1 1 0 1 0 0 0 0 0]
 [1 1 1 0 1 1 0 0 0]
 [1 0 0 0 1 0 0 0 0]] 
 Min Flips: 12.0 
 
 Test 56 
 [[0 0 0 0]
 [0 1 0 1]
 [0 1 1 0]
 [1 1 0 1]
 [0 1 1 0]
 [1 1 1 0]
 [0 0 1 0]
 [1 1 0 0]
 [0 1 0 0]] 
 Min Flips: 3.0 
 
 Test 57 
 [[1 0 0 0 0 0 0 1 1 1 1]
 [1 1 1 1 0 0 1 1 0 1 1]] 
 Min Flips: 0.0 
 
 Test 58 
 [[0 0 1 0 0 1 1 0 0 1 1 1]
 [1 1 1 1 1 0 0 1 0 0 0 0]] 
 Min Flips: 0.0 
 
 Test 59 
 [[0 0 1 0 0 1 0 1 1]
 [1 0 1 0 0 0 0 0 0]
 [1 1 1 1 0 1 0 1 1]
 [0 0 1 0 1 1 0 1 0]
 [1 0 0 0 0 1 1 1 0]
 [1 1 1 1 1 0 0 1 1]
 [1 1 1 0 1 0 1 0 0]] 
 Min Flips: 8.0 
 
 Test 60 
 [[1 0 1 0 1 1]
 [1 0 0 1 1 0]
 [1 1 0 0 1 1]
 [1 1 1 1 0 0]
 [1 1 1 1 0 1]
 [1 1 0 1 1 1]
 [1 0 1 0 0 1]
 [1 0 1 1 1 0]
 [1 1 1 1 0 1]
 [0 1 1 0 1 1]] 
 Min Flips: 10.0 
 
 Test 61 
 [[1 1 0 1 0 1 0 1]
 [1 1 1 1 1 0 0 1]
 [1 1 0 1 0 1 1 0]
 [1 0 1 0 0 1 0 1]
 [1 1 1 0 0 0 0 1]] 
 Min Flips: 4.0 
 
 Test 62 
 [[1 1 1 0 0 1 1 0 1 1]
 [0 1 0 1 0 0 0 1 1 1]
 [1 1 1 1 1 1 0 0 1 0]
 [0 0 0 0 1 1 1 1 1 0]
 [0 1 1 0 0 0 0 0 0 0]
 [1 0 1 0 0 0 1 0 0 0]
 [1 1 0 1 1 0 1 1 0 1]
 [0 0 1 1 0 0 0 0 0 0]
 [1 0 1 1 1 0 0 0 1 0]
 [0 1 1 1 1 0 1 1 0 1]] 
 Min Flips: 18.0 
 
 Test 63 
 [[1 1]
 [1 0]
 [1 1]
 [1 1]
 [0 1]] 
 Min Flips: 1.0 
 
 Test 64 
 [[0 1 0 1 0 1 1]
 [1 1 1 0 0 1 1]] 
 Min Flips: 0.0 
 
 Test 65 
 [[0 0 1]
 [1 1 1]
 [1 1 0]
 [0 1 1]
 [1 0 1]] 
 Min Flips: 2.0 
 
 Test 66 
 [[0 1 0 0 1 1 0]
 [1 1 0 0 1 0 0]
 [1 0 0 0 1 0 1]] 
 Min Flips: 1.0 
 
 Test 67 
 [[1 0 0 1 0 1 1 0 1 0]
 [0 1 0 0 1 1 0 1 0 0]
 [0 0 0 0 0 0 1 0 1 0]
 [1 1 0 1 1 1 1 1 0 0]
 [0 1 0 1 1 0 0 1 1 0]
 [0 0 1 0 0 1 0 1 0 1]
 [1 0 0 1 1 1 1 0 0 1]
 [1 0 0 1 1 0 0 0 1 0]
 [0 0 1 0 0 1 1 0 1 0]
 [0 0 1 0 1 1 1 0 1 0]
 [1 0 0 1 0 0 0 0 0 0]] 
 Min Flips: 17.0 
 
 Test 68 
 [[1 0 0 1 0 1 1 1]
 [1 1 0 1 0 1 1 0]
 [1 1 1 1 0 1 1 0]
 [1 1 1 0 0 0 0 1]
 [1 1 1 0 0 1 1 1]
 [1 1 0 0 1 0 0 0]] 
 Min Flips: 5.0 
 
 Test 69 
 [[1]
 [0]
 [0]
 [0]
 [0]
 [0]
 [1]
 [0]
 [1]
 [1]
 [1]] 
 Min Flips: 0.0 
 
 Test 70 
 [[0 0 1 0 0 1 0]] 
 Min Flips: 0.0 
 
 Test 71 
 [[0]
 [1]
 [1]] 
 Min Flips: 0.0 
 
 Test 72 
 [[0 0 0 1 0 0 1 1 0]
 [0 0 0 0 1 1 0 0 0]] 
 Min Flips: 0.0 
 
 Test 73 
 [[0 0 1 0 1 1 0 0 1]
 [1 1 1 1 0 0 0 1 0]
 [1 0 1 1 1 1 1 1 0]
 [0 0 0 0 1 0 0 1 0]
 [0 1 1 0 1 1 0 1 1]
 [1 1 1 1 1 0 0 1 0]
 [1 1 1 1 1 1 0 0 0]
 [0 0 1 0 0 1 1 1 1]
 [0 1 0 1 1 0 0 0 1]] 
 Min Flips: 11.0 
 
 Test 74 
 [[1 1 1 1]
 [1 1 0 1]
 [0 0 1 0]] 
 Min Flips: 1.0 
 
 Test 75 
 [[1 1 0 1 0 0 0 0 0]
 [0 1 1 1 0 0 1 0 1]
 [0 1 1 0 0 0 1 1 0]
 [1 1 1 0 1 0 1 1 1]
 [1 0 0 0 0 1 1 1 1]
 [1 0 0 1 1 1 1 0 0]
 [1 1 0 0 0 1 0 1 1]] 
 Min Flips: 10.0 
 
 Test 76 
 [[0 0 0 1 1 1 1 1]
 [1 0 1 0 1 0 0 0]
 [1 1 1 0 0 0 1 1]
 [1 0 1 1 1 0 1 0]
 [1 0 0 1 0 0 0 1]
 [1 1 1 0 1 0 0 0]
 [1 0 0 1 0 0 1 1]
 [0 1 1 1 0 1 0 0]
 [0 0 1 1 0 0 1 1]
 [0 0 0 0 0 1 1 0]
 [1 0 0 0 0 0 0 1]
 [0 1 0 0 1 1 0 0]] 
 Min Flips: 15.0 
 
 Test 77 
 [[1 1 0 0 1 0 0]
 [1 1 1 1 0 1 1]
 [1 1 1 0 1 0 0]
 [1 1 1 0 0 1 1]
 [1 1 1 0 1 0 0]
 [1 1 1 1 0 0 0]] 
 Min Flips: 2.0 
 
 Test 78 
 [[1 1 1 1 1 0 1 0 1 0 1]
 [1 0 1 1 1 1 0 1 0 0 1]
 [0 1 0 1 0 0 1 0 0 1 1]
 [0 1 0 1 1 0 0 1 1 1 0]
 [1 0 1 0 1 0 1 1 0 0 1]
 [0 1 1 1 1 1 0 0 1 0 0]
 [1 1 1 1 0 0 0 0 1 1 1]] 
 Min Flips: 13.0 
 
 Test 79 
 [[0 1 1 0 0 1 1 1 0]
 [0 0 1 1 1 1 1 1 1]
 [0 1 0 1 0 0 1 0 1]
 [1 0 1 0 0 1 1 0 1]
 [0 0 1 1 1 1 1 0 0]
 [1 0 0 1 0 1 1 0 1]
 [1 1 0 1 0 0 0 1 1]
 [1 0 1 1 0 0 1 1 0]
 [0 0 0 1 1 0 0 0 0]] 
 Min Flips: 13.0 
 
 Test 80 
 [[0 0 0 0]
 [1 0 0 1]
 [0 0 0 1]
 [1 0 1 0]
 [0 0 1 0]
 [1 0 1 0]] 
 Min Flips: 1.0 
 
 Test 81 
 [[0 0 1 1 1 1 1]
 [0 0 0 1 1 0 0]
 [1 1 0 0 1 0 0]
 [1 0 0 0 0 0 1]
 [1 0 0 0 1 1 0]
 [1 0 1 0 1 1 1]
 [1 1 1 0 1 0 0]
 [0 1 1 1 0 1 1]
 [0 0 0 0 1 1 1]
 [1 1 1 0 1 0 0]
 [0 0 0 0 1 1 0]
 [1 0 0 1 1 0 1]] 
 Min Flips: 11.0 
 
 Test 82 
 [[1 1 1 1 1 0 0 0 0 1 0 0]
 [0 1 1 1 1 1 0 0 1 1 0 0]
 [1 1 0 1 0 1 1 1 0 0 0 0]
 [1 1 0 0 1 1 1 1 0 0 1 1]
 [1 0 0 0 1 0 0 1 0 0 0 1]
 [1 1 0 0 1 1 1 0 0 0 1 1]
 [1 0 0 0 0 1 1 1 0 1 1 0]
 [1 0 0 1 0 0 0 0 0 0 0 1]] 
 Min Flips: 12.0 
 
 Test 83 
 [[0 0 0 1 0 0 1 1 1 1 1 0]
 [1 0 1 0 1 0 1 1 0 1 0 0]
 [1 1 1 0 0 1 1 0 0 0 0 0]
 [0 0 1 0 1 1 0 0 1 0 0 0]
 [1 1 1 0 0 1 1 1 0 0 0 0]
 [0 1 0 0 1 1 1 0 0 1 0 1]] 
 Min Flips: 9.0 
 
 Test 84 
 [[0 0 0 0 1 0 1 1 0 0 0 0]
 [0 1 0 1 1 0 1 0 1 0 1 1]
 [1 1 0 1 1 1 0 1 0 0 1 1]
 [0 0 1 1 0 0 1 0 0 0 0 1]
 [1 1 1 1 0 0 0 0 0 0 1 0]
 [0 0 0 1 1 1 0 0 1 0 0 1]
 [0 0 0 1 1 0 1 1 1 0 0 1]
 [0 1 0 1 0 1 1 0 1 1 1 1]
 [0 1 1 0 0 0 1 1 1 0 0 1]
 [1 1 1 1 1 0 0 1 0 1 0 1]
 [0 1 1 0 0 1 0 0 0 1 0 1]] 
 Min Flips: 23.0 
 
 Test 85 
 [[1 1 0 0 0 0 0 0]
 [0 1 0 0 1 1 0 0]
 [1 1 0 1 0 0 0 1]
 [0 0 1 1 1 0 1 0]
 [1 0 1 1 1 0 1 0]
 [1 0 1 0 0 0 1 0]
 [1 1 0 0 1 1 0 1]
 [0 1 1 0 0 1 1 1]
 [1 0 1 1 1 0 0 0]
 [1 0 0 1 1 0 1 0]] 
 Min Flips: 11.0 
 
 Test 86 
 [[0 0 1 1 1 0 1]
 [0 1 1 1 0 1 0]] 
 Min Flips: 0.0 
 
 Test 87 
 [[1 1 1 1 1]
 [1 0 1 0 0]
 [0 0 0 1 0]
 [1 1 1 1 1]
 [1 1 0 1 0]
 [0 1 0 0 0]
 [1 0 1 1 1]
 [1 1 1 0 1]
 [0 0 0 0 1]
 [1 1 1 0 0]
 [1 0 0 0 0]
 [0 1 0 1 1]] 
 Min Flips: 8.0 
 
 Test 88 
 [[1 1 1 1 1 0 1]
 [1 0 0 1 1 1 0]
 [1 1 1 0 0 1 1]
 [0 0 0 1 0 1 1]
 [1 0 1 0 0 0 0]
 [0 1 0 1 1 0 0]
 [0 0 1 0 1 1 1]
 [0 0 0 0 0 1 1]
 [0 0 0 0 1 0 0]
 [0 0 0 1 0 0 1]] 
 Min Flips: 11.0 
 
 Test 89 
 [[0 0]
 [1 1]
 [0 1]
 [1 0]
 [1 1]
 [1 1]
 [0 0]
 [0 1]
 [1 0]
 [0 0]
 [0 1]
 [1 1]] 
 Min Flips: 2.0 
 
 Test 90 
 [[1 0 1 1 1 0 0 1 1 1]] 
 Min Flips: 0.0 
 
 Test 91 
 [[0 0 0 0 1 0 0 1 1 0 1 0]
 [1 0 0 0 0 0 0 0 0 1 1 1]
 [0 1 0 1 0 0 0 0 1 0 0 1]
 [0 0 0 0 0 0 0 1 0 0 0 1]
 [1 1 0 0 1 1 0 0 0 1 1 1]
 [1 1 0 1 1 0 1 0 1 1 0 1]
 [0 1 1 0 1 1 1 1 1 1 1 1]
 [0 1 0 0 0 1 1 0 1 0 1 0]
 [1 0 1 1 0 0 0 0 0 0 1 0]
 [0 0 1 1 1 0 1 0 0 0 0 0]
 [0 0 0 1 1 0 1 0 1 1 0 0]
 [1 0 0 1 1 1 1 1 0 0 0 0]] 
 Min Flips: 27.0 
 
 Test 92 
 [[1 0 1 0 0 0 1 1 1]
 [1 0 1 1 1 0 0 0 0]
 [1 1 0 1 1 0 1 1 1]
 [0 1 1 0 0 1 0 1 0]
 [0 1 0 1 0 1 1 1 1]
 [1 0 0 0 0 0 1 0 0]] 
 Min Flips: 8.0 
 
 Test 93 
 [[0 0 1]
 [1 0 1]
 [1 0 0]
 [1 0 0]
 [0 1 1]
 [1 1 0]
 [1 1 0]
 [0 1 0]
 [1 0 1]
 [1 1 0]] 
 Min Flips: 4.0 
 
 Test 94 
 [[0 0 0 1 1 1 1 1]
 [1 0 0 1 1 0 0 1]
 [1 0 0 1 1 1 0 0]] 
 Min Flips: 2.0 
 
 Test 95 
 [[0 0 1 1 0 1 1 1]
 [1 1 0 1 0 0 1 1]
 [0 1 1 1 1 1 0 0]
 [1 0 1 0 0 0 0 0]
 [1 1 0 0 0 0 0 1]] 
 Min Flips: 5.0 
 
 Test 96 
 [[0 0 1 1 0]
 [0 1 0 1 0]
 [1 1 0 0 0]
 [0 0 1 1 1]
 [0 1 0 0 0]
 [0 1 0 0 0]] 
 Min Flips: 1.0 
 
 Test 97 
 [[1 0 0 0 1 1 1]
 [0 0 0 1 0 0 1]
 [0 1 0 0 1 1 0]
 [1 1 0 0 0 1 1]] 
 Min Flips: 3.0 
 
 Test 98 
 [[0 1 0]
 [0 0 0]
 [0 1 0]] 
 Min Flips: 0.0 
 
 Test 99 
 [[0 1]
 [1 0]
 [0 0]
 [1 0]
 [1 1]] 
 Min Flips: 1.0 
 
 Test 100 
 [[1 1 0 0]
 [1 1 0 0]
 [0 1 1 0]
 [0 1 1 0]
 [0 1 1 1]
 [1 0 1 0]
 [0 0 0 1]
 [0 0 0 1]
 [0 0 0 1]
 [0 1 1 1]
 [0 0 0 1]] 
 Min Flips: 4.0 
 
 